1388849
1393024
1393041
1394544
1394874
1395381
1395842
1396242
1396375
1396378
1396668
1396770
1396789
1396818
1396922
1397459
1397542
1397550
1397614
1397704
1397708
1397731
1397795
1397822
1397846
1397871
1398682
1398727
1398755
1398811
1398824
1398858
1398918
1399036
1399055
1399080
1399114
1399135
1399197
1399247
1399312
1399351
1399357
1399375
1399444
1399518
1399540
1399565
1399580
1399627
1400203
1400523
1400938
1400992
1401155
1401639
1401657
1401722
1401825
1402471
1402488
1402609
1402625
1402671
1402680
1402682
1402787
1402829
1403417
1403450
1403598
1403631
1403677
1403724
1403760
1403796
1403839
1403855
1403864
1403943
1404327
1404332
1404348
1404352
1404386
1404410
1404420
1404456
1404479
1404481
1404487
1404601
1404612
1404629
1404722
1404780
1404795
1404841
1404878
1404890
1404904
1404905
1404945
1404977
1405002
1405042
1405048
1405065
1405090
1405101
1405135
1405154
1405228
1405230
1405264
1405291
1405308
1405329
1405353
1405425
1405427
1405442
1405453
1406369
1407071
1407562
1409933
1410019
1410064
1411580
1411605
1411746
1411771
1411816
1411832
1415200
1417960
1424503
1424617
1424641
1429196
1429229
1430384
1430396
1430419
1431846
1431856
1431871
1431905
1431982
1432036
1432039
1432094
1432231
1432232
1432307
1432323
1432334
1432382
1432442
1432465
1432477
1432497
1432524
1432563
1433090
1434382
1435100
1435174
1435204
1435837
1435963
1435986
1436616
1436619
1436632
1436655
1436667
1436681
1436696
1436745
1436747
1436774
1436865
1436886
1436895
1436896
1436905
1436924
1436929
1436979
1437035
1437074
1437489
1437531
1437556
1437569
1437575
1437611
1437648
1437675
1437743
1437766
1437789
1437811
1437886
1437924
1437930
1437942
1437956
1438005
1438026
1438045
1438053
1438074
1438086
1438155
1438164
1438174
1438178
1438184
1438225
1438232
1438245
1438246
1438665
1438669
1439140
1439870
1439955
1441717
1444728
1445357
1445373
1445386
1447097
1448284
1451119
1456557
1465498
1467844
1467929
1468903
1468998
1469120
1470541
1471454
1471469
1472531
1473394
1473428
1474063
1474232
1474999
1475033
1475036
1475118
1475197
1475240
1475264
1475879
1475929
1475949
1475976
1475986
1475988
1476027
1476028
1476046
1476080
1476101
1476124
1476138
1476151
1476152
1476159
1476164
1476219
1476272
1476280
1476329
1476341
1476392
1476395
1476400
1476501
1476558
1476579
1476596
1476602
1477077
1477131
1477559
1477881
1477884
1477963
1477971
1478463
1478630
1478639
1479285
1479304
1479348
1479406
1479415
1479508
1479536
1479566
1479575
1479984
1479991
1480002
1480022
1480160
1480247
1480263
1480273
1480306
1480330
1480334
1480344
1480349
1480616
1480688
1480700
1480706
1480713
1480725
1480743
1480817
1480872
1480892
1480893
1480921
1480925
1480971
1480983
1480995
1481009
1481040
1481043
1481751
1482153
1482529
1482577
1483921
1483923
1488441
1502577
1502633
1502662
1502691
1504422
1506533
1506876
1507962
1508010
1508534
1508685
1509139
1509144
1509185
1509238
1509276
1509374
1509392
1509399
1509456
1509535
1509538
1509567
1509573
1509600
1510812
1511299
1511360
1511374
1511763
1511775
1511811
1511840
1511859
1511899
1511943
1512387
1512420
1512433
1512512
1513194
1513198
1513214
1513219
1513276
1513281
1513313
1513385
1513415
1513423
1513475
1513538
1513541
1513558
1513584
1513697
1513703
1513713
1514360
1514386
1514392
1514431
1514475
1514522
1514652
1514656
1514675
1514677
1514694
1514764
1514766
1514799
1514818
1514840
1514843
1514872
1514940
1514946
1514954
1515088
1515102
1515136
1515154
1515161
1515783
1515791
1516205
1516216
1516636
1517052
1517474
1517494
1517522
1519245
1520888
1520898
1523992
1524136
1528743
1541095
1544738
1544815
1547490
1548050
1552051
1554112
1555579
1555589
1556582
1557582
1559290
1559324
1559412
1559422
1559438
1559851
1560019
1560029
1560066
1560069
1560558
1560650
1561107
1561509
1561513
1561523
1561538
1562030
1562076
1562094
1562171
1562182
1562232
1562306
1562331
1562820
1562955
1563149
1563274
1563291
1563877
1564037
1564041
1564130
1564156
1564159
1564182
1564210
1564219
1564250
1564272
1564285
1564335
1564343
1564359
1564396
1564432
1564440
1564639
1564656
1564658
1564699
1564715
1564747
1564764
1565191
1565271
1565314
1565836
1565855
1566143
1566726
1567580
1567622
1567633
1567636
1567641
1567648
1567661
1567682
1567688
1567727
1568898
1568932
1568981
1568992
1569032
1569058
1569104
1569226
1569241
1569257
1569747
1569760
1569915
1569926
1569931
1569984
1570052
1570058
1570127
1570516
1570555
1570578
1570586
1570613
1570702
1570771
1570772
1570776
1570823
1570888
1570892
1570905
1570921
1571027
1571044
1571167
1571240
1571325
1571369
1571411
1571923
1572103
1572112
1572592
1572630
1572688
1572689
1572690
1574422
1575792
1575795
1578860
1582505
1590307
1590385
1590407
1593957
1594488
1595736
1597761
1598361
1598840
1598896
1598964
1598983
1599053
1599603
1599612
1599630
1599656
1599670
1599719
1599771
1599804
1599805
1599861
1599871
1599903
1599906
1599942
1599968
1599975
1599998
1600014
1600064
1600097
1600105
1600844
1601309
1601486
1602152
1602620
1602638
1602696
1602808
1602818
1602897
1603481
1603495
1603541
1603593
1603626
1603631
1603676
1603695
1603696
1603749
1603783
1603806
1603822
1603838
1604922
1604951
1604997
1605041
1605061
1605104
1605115
1605150
1605151
1605208
1605236
1605282
1605296
1605404
1605417
1605443
1605452
1605458
1605493
1605518
1605555
1605558
1605560
1605587
1605660
1605740
1605768
1605810
1605813
1605868
1605914
1606489
1608113
1608126
1608740
1610044
1611638
1614139
1616509
1619144
1619494
1631326
1636226
1637444
1637921
1638945
1639727
1639741
1639803
1639867
1642529
1642536
1642948
1643148
1643167
1643193
1643859
1643889
1643904
1644016
1644686
1644864
1644880
1645491
1645499
1645557
1645675
1645778
1645896
1646830
1646831
1646849
1646896
1646953
1646979
1647020
1647021
1647031
1647060
1647089
1647102
1647107
1647117
1647180
1647188
1647192
1647216
1647222
1647292
1647301
1647329
1647352
1647356
1647444
1647453
1647472
1647490
1647531
1648007
1648011
1648119
1648255
1648835
1648856
1648882
1648935
1649597
1649629
1649839
1650432
1650534
1650551
1650561
1650652
1650721
1650784
1650886
1650925
1650965
1651386
1651399
1651412
1651522
1651548
1651588
1651806
1652196
1652207
1652232
1652236
1652389
1652408
1652744
1652780
1652803
1652841
1652863
1652881
1652929
1652959
1652977
1652987
1653016
1653037
1653042
1653044
1653076
1653128
1653136
1653217
1653278
1654235
1654971
1655978
1656466
1656506
1656913
1658555
1658676
1659822
1660525
1661218
1661658
1661669
1671640
1671645
