1477631
1652133
1404540
1480025
1597849
1649687
1404852
1479457
1513498
1567769
1650543
1403719
1437796
1569890
1605277
1404932
1485582
1514984
1658525
1404324
1437555
1479930
1514440
1398812
1432075
1475998
1509303
1437873
1603810
1509365
1564516
1418006
1431868
1476293
1561146
1599869
1647245
1563279
1599767
1652764
1480730
1653023
1404752
1437483
1487324
1488053
1514450
1570078
1603780
1653161
1395239
1509208
1555516
1508508
1480639
1437804
1479426
1557898
1605127
1649471
1511901
1403811
1521436
1571258
1413423
1481084
1569036
1648233
1399149
1475906
1566701
1652137
1399283
1509171
1401881
1517137
1567844
1662631
1467464
1555140
1639026
1481001
1599596
1508524
1511349
1480753
1652177
1394954
1471438
1477020
1514955
1557863
1644794
1431174
1399630
1475289
1508566
1562247
1644782
1436800
1510238
1602688