1432208
1476563
1600028
1647363
1431128
1598918
1476115
1509315
1438211
1516295
1605477
1437741
1603644
1514423
1605086
1397736
1508763
1480237
1514844
1651532
1394824
1436711
1513207
1605057
1605540
1438025
1514404
1438267
1438688
1480897
1605716
1653163
1514991
1605347
1513356
1480807
1514804
1652842
1479311
1648229
1514973
1475068
1509180
1645849
1646828
1479261
1652167
1398702
1509428
1486209
1511788
1514518
1517156
1481016
1653221
1435981
1512540
1605709
1436635
1437089
1513282
1602038
1511805
1475912
1509112
1647086
1432397
1475165
1598956
1645771
1509186
1436973
1478872
1603844
1651617
1431898
1509123
1605028
1438036
1480017
1605736
1651661
1432543
1509220
1599681
1405104
1440369
1517526
1614999
1429260
1599057
1600756
1438218
1605880
1432438
1599082